00;VENDAS ESTABELECIMENTO;58731662005938;20191223;20191223;KW                  
10;58731662005938;23/12/2019;125;00000010006302900002;DEB;20001;001;0000500001;0000003812;000000001990;                    ;000;548573;0000165530;000;0000500001;
10;58731662005938;23/12/2019;125;00000010006302900002;CRE;00002;001;0000500002;0000162157;000000004999;                    ;000;515590;0000165533;000;0000500002;
10;58731662005938;23/12/2019;125;00000010006302900002;CRE;00002;002;0000500003;0000764384;000000018997;                    ;006;516292;0000165538;000;0000500003;
10;58731662005938;23/12/2019;125;00000010006302900002;CRE;00031;002;0000500004;0000007679;000000009999;                    ;002;651653;0000165545;000;0000500004;
10;58731662005938;23/12/2019;125;00000010006302900002;CRE;00002;002;0000500005;0000431062;000000014999;                    ;003;515590;0000165548;000;0000500005;
10;58731662005938;23/12/2019;125;00000010006302900002;CRE;00001;001;0000500006;0000514753;000000004499;                    ;000;422061;0000165555;000;0000500006;
10;58731662005938;23/12/2019;125;00000010006302900002;DEB;20001;001;0000500007;0000524449;000000009999;                    ;000;502121;0000165558;000;0000500007;
10;58731662005938;23/12/2019;125;00000010006302900002;DEB;20032;001;0000500008;0000459467;000000003000;                    ;000;506775;0000165563;000;0000500008;
10;58731662005938;23/12/2019;125;00000010006302900002;CRE;00001;002;0000500009;0000681299;000000028999;                    ;005;455181;0000165565;000;0000500009;
10;58731662005938;23/12/2019;125;00000010006302900002;DEB;20001;001;0000500010;0000590656;000000008998;                    ;000;502121;0000165568;000;0000500010;
10;58731662005938;23/12/2019;125;00000010006302900002;CRE;00001;002;0000500011;0000672143;000000026197;                    ;008;455183;0000165571;000;0000500011;
10;58731662005938;23/12/2019;125;00000010006302900002;DEB;20001;001;0000500012;0000094048;000000007999;                    ;000;502121;0000165574;000;0000500012;
10;58731662005938;23/12/2019;125;00000010006302900002;DEB;20001;001;0000500013;0000460853;000000004999;                    ;000;523284;0000165577;000;0000500013;
10;58731662005938;23/12/2019;125;00000010006302900002;DEB;20002;001;0000500014;0000144275;000000007999;                    ;000;422061;0000165582;000;0000500014;
10;58731662005938;23/12/2019;125;00000010006302900002;CRE;00002;002;0000500015;0000238603;000000005134;                    ;002;523421;0000165585;000;0000500015;
10;58731662005938;23/12/2019;125;00000010006302900002;CRE;00001;002;0000500016;0000791966;000000007999;                    ;002;498453;0000165590;000;0000500016;
10;58731662005938;23/12/2019;125;00000010006302900002;CRE;00001;002;0000500017;0000800240;000000018000;                    ;002;498442;0000165593;000;0000500017;
10;58731662005938;23/12/2019;125;00000010006302900002;CRE;00001;001;0000500018;0000223472;000000008996;                    ;000;422061;0000165593;000;0000500018;
10;58731662005938;23/12/2019;125;00000010006302900002;DEB;20001;001;0000500019;0000376175;000000004999;                    ;000;603689;0000165596;000;0000500019;
10;58731662005938;23/12/2019;125;00000010006302900002;CRE;00002;002;0000500020;0000093670;000000029999;                    ;002;539091;0000165599;000;0000500020;
10;58731662005938;23/12/2019;125;00000010006302900002;CRE;00002;002;0000500021;0000681767;000000024996;                    ;002;552305;0000165606;000;0000500021;
10;58731662005938;23/12/2019;125;00000010006302900002;CRE;00002;002;0000500022;0000083791;000000014998;                    ;002;553636;0000165609;000;0000500022;
10;58731662005938;23/12/2019;125;00000010006302900002;DEB;20002;001;0000500023;0000337973;000000009999;                    ;000;476608;0000165612;000;0000500023;
10;58731662005938;23/12/2019;125;00000010006302900002;CRE;00002;001;0000500024;0000003852;000000008999;                    ;000;549167;0000165617;000;0000500024;
10;58731662005938;23/12/2019;125;00000010006302900002;CRE;00031;002;0000500025;0000663798;000000015498;                    ;002;650486;0000165620;000;0000500025;
10;58731662005938;23/12/2019;125;00000010006302900002;CRE;00002;001;0000500026;0000607125;000000003999;                    ;000;550209;0000165623;000;0000500026;
10;58731662005938;23/12/2019;125;00000010006302900002;CRE;00001;002;0000500027;0000484349;000000062998;                    ;010;422061;0000165627;000;0000500027;
10;58731662005938;23/12/2019;125;00000010006302900002;DEB;20032;001;0000500028;0000588758;000000009296;                    ;000;506775;0000165630;000;0000500028;
10;58731662005938;23/12/2019;125;00000010006302900002;CRE;00001;002;0000500029;0000921191;000000022999;                    ;007;485464;0000165633;000;0000500029;
10;58731662005938;23/12/2019;125;00000010006302900002;DEB;20001;001;0000500030;0000518514;000000005999;                    ;000;525663;0000165636;000;0000500030;
10;58731662005938;23/12/2019;125;00000010006302900002;CRE;00004;001;0000500031;0000670070;000000003999;                    ;000;376446;0000165639;000;0000500031;
10;58731662005938;23/12/2019;125;00000010006302900002;DEB;20001;001;0000500032;0000522700;000000011500;                    ;000;523284;0000165644;000;0000500032;
10;58731662005938;23/12/2019;125;00000010006302900002;CRE;00002;002;0000500033;0000065037;000000011498;                    ;003;520403;0000165644;000;0000500033;
10;58731662005938;23/12/2019;125;00000010006302900002;CRE;00002;002;0000500034;0000074317;000000019498;                    ;006;553636;0000165647;000;0000500034;
10;58731662005938;23/12/2019;125;00000010006302900002;DEB;20032;001;0000500035;0000338107;000000012998;                    ;000;650488;0000165650;000;0000500035;
10;58731662005938;23/12/2019;125;00000010006302900002;CRE;00002;002;0000500036;0000091397;000000027998;                    ;009;520405;0000165653;000;0000500036;
10;58731662005938;23/12/2019;125;00000010006302900002;DEB;20002;001;0000500037;0000338913;000000025468;                    ;000;476608;0000165658;000;0000500037;
10;58731662005938;23/12/2019;125;00000010006302900002;DEB;20032;001;0000500038;0000338238;000000019999;                    ;000;650488;0000165661;000;0000500038;
10;58731662005938;23/12/2019;125;00000010006302900002;DEB;20002;001;0000500039;0000140927;000000009999;                    ;000;400178;0000165664;000;0000500039;
10;58731662005938;23/12/2019;125;00000010006302900002;CRE;00001;002;0000500040;0000075982;000000026999;                    ;009;490172;0000165667;000;0000500040;
10;58731662005938;23/12/2019;125;00000010006302900002;CRE;00001;001;0000500041;0000081637;000000021997;                    ;000;421960;0000165670;000;0000500041;
10;58731662005938;23/12/2019;125;00000010006302900002;CRE;00002;002;0000500042;0000145241;000000013096;                    ;004;522688;0000165673;000;0000500042;
10;58731662005938;23/12/2019;125;00000010006302900002;DEB;20002;001;0000500043;0000641445;000000014997;                    ;000;485464;0000165676;000;0000500043;
10;58731662005938;23/12/2019;125;00000010006302900002;CRE;00001;001;0000500044;0000228614;000000003000;                    ;000;402942;0000165679;000;0000500044;
10;58731662005938;23/12/2019;125;00000010006302900002;CRE;00002;002;0000500045;0000331573;000000008998;                    ;002;544731;0000165681;000;0000500045;
10;58731662005938;23/12/2019;125;00000010006302900002;DEB;20001;001;0000500046;0000343467;000000012997;                    ;000;544731;0000165684;000;0000500046;
10;58731662005938;23/12/2019;125;00000010006302900002;DEB;20032;001;0000500047;0000718345;000000008898;                    ;000;506775;0000165689;000;0000500047;
10;58731662005938;23/12/2019;125;00000010006302900002;CRE;00001;001;0000500048;0000027230;000000003999;                    ;000;498442;0000165692;000;0000500048;
10;58731662005938;23/12/2019;125;00000010006302900002;CRE;00001;001;0000500049;0000394567;000000021500;                    ;000;422061;0000165695;000;0000500049;
10;58731662005938;23/12/2019;125;00000010006302900002;DEB;20002;001;0000500050;0000400774;000000021499;                    ;000;410863;0000165695;000;0000500050;
10;58731662005938;23/12/2019;125;00000010006302900002;CRE;00002;001;0000500051;0000414872;000000012895;                    ;000;544731;0000165698;000;0000500051;
10;58731662005938;23/12/2019;125;00000010006302900002;CRE;00001;002;0000500052;0000022505;000000028998;                    ;002;415275;0000165701;000;0000500052;
10;58731662005938;23/12/2019;125;00000010006302900002;CRE;00001;002;0000500053;0000650832;000000028997;                    ;002;476608;0000165704;000;0000500053;
10;58731662005938;23/12/2019;125;00000010006302900002;CRE;00001;002;0000500054;0000661597;000000007999;                    ;002;455183;0000165707;000;0000500054;
10;58731662005938;23/12/2019;125;00000010006302900002;CRE;00002;002;0000500055;0000530673;000000025998;                    ;008;515590;0000165712;000;0000500055;
10;58731662005938;23/12/2019;125;00000010006302900002;DEB;20002;001;0000500056;0000543356;000000016998;                    ;000;422061;0000165715;000;0000500056;
10;58731662005938;23/12/2019;125;00000010006302900002;CRE;00002;002;0000500057;0000044079;000000041996;                    ;005;553636;0000165718;000;0000500057;
10;58731662005938;23/12/2019;125;00000010006302900002;DEB;20002;001;0000500058;0000743039;000000002198;                    ;000;498442;0000165721;000;0000500058;
10;58731662005938;23/12/2019;125;00000010006302900002;DEB;20032;001;0000500059;0000339270;000000015998;                    ;000;509000;0000165723;000;0000500059;
10;58731662005938;23/12/2019;125;00000010006302900002;CRE;00001;001;0000500060;0000031066;000000014998;                    ;000;444458;0000165726;000;0000500060;
10;58731662005938;23/12/2019;125;00000010006302900002;DEB;20001;001;0000500061;0000031865;000000010999;                    ;000;540105;0000165731;000;0000500061;
10;58731662005938;23/12/2019;125;00000010006302900002;CRE;00002;002;0000500062;0000022694;000000033998;                    ;002;546452;0000165736;000;0000500062;
10;58731662005938;23/12/2019;125;00000010006302900002;DEB;20002;001;0000500063;0000338762;000000012499;                    ;000;473200;0000165739;000;0000500063;
10;58731662005938;23/12/2019;125;00000010006302900002;CRE;00002;001;0000500064;0000296922;000000001499;                    ;000;511781;0000165742;000;0000500064;
10;58731662005938;23/12/2019;125;00000010006302900002;DEB;20002;001;0000500065;0000361775;000000018298;                    ;000;479569;0000165745;000;0000500065;
10;58731662005938;23/12/2019;125;00000010006302900002;DEB;20001;001;0000500066;0000240908;000000018997;                    ;000;546479;0000165748;000;0000500066;
10;58731662005938;23/12/2019;125;00000010006302900002;CRE;00001;001;0000500067;0000086598;000000009999;                    ;000;459080;0000165751;000;0000500067;
10;58731662005938;23/12/2019;125;00000010006302900002;DEB;20002;001;0000500068;0000339385;000000005000;                    ;000;410392;0000165756;000;0000500068;
10;58731662005938;23/12/2019;125;00000010006302900002;DEB;20001;001;0000500069;0000215970;000000003999;                    ;000;544731;0000165758;000;0000500069;
10;58731662005938;23/12/2019;125;00000010006302900002;CRE;00031;002;0000500070;0000347398;000000020498;                    ;005;650516;0000165761;000;0000500070;
10;58731662005938;23/12/2019;125;00000010006302900002;DEB;20032;001;0000500071;0000870047;000000021998;                    ;000;655001;0000165764;000;0000500071;
10;58731662005938;23/12/2019;125;00000010006302900002;DEB;20002;001;0000500072;0000957296;000000007999;                    ;000;439267;0000165767;000;0000500072;
10;58731662005938;23/12/2019;125;00000010006302900002;DEB;20002;001;0000500073;0000339276;000000049000;                    ;000;410392;0000096567;000;0000500073;
10;58731662005938;23/12/2019;125;00000010006302900002;CRE;00002;002;0000500074;0000281555;000000040557;                    ;003;522840;0000096567;000;0000500074;
10;58731662005938;23/12/2019;125;00000010006302900002;CRE;00002;001;0000500075;0000015596;000000005999;                    ;000;520405;0000165773;000;0000500075;
10;58731662005938;23/12/2019;125;00000010006302900002;CRE;00001;002;0000500076;0000046094;000000013998;                    ;004;421848;0000096570;000;0000500076;
10;58731662005938;23/12/2019;125;00000010006302900002;DEB;20002;001;0000500077;0000339216;000000009999;                    ;000;409602;0000165776;000;0000500077;
10;58731662005938;23/12/2019;125;00000010006302900002;CRE;00001;001;0000500078;0000085227;000000000999;                    ;000;498453;0000096573;000;0000500078;
10;58731662005938;23/12/2019;125;00000010006302900002;DEB;20001;001;0000500079;0000667004;000000012494;                    ;000;514945;0000096578;000;0000500079;
10;58731662005938;23/12/2019;125;00000010006302900002;CRE;00002;001;0000500080;0000321186;000000009999;                    ;000;521580;0000096581;000;0000500080;
10;58731662005938;23/12/2019;125;00000010006302900002;DEB;20002;001;0000500081;0000745463;000000009998;                    ;000;498442;0000165785;000;0000500081;
10;58731662005938;23/12/2019;125;00000010006302900002;CRE;00001;001;0000500082;0000073680;000000002198;                    ;000;476331;0000096583;000;0000500082;
10;58731662005938;23/12/2019;125;00000010006302900002;CRE;00002;001;0000500084;0000365827;000000012999;                    ;000;523421;0000096586;000;0000500084;
10;58731662005938;23/12/2019;125;00000010006302900002;DEB;20001;001;0000500083;0000676121;000000000799;                    ;000;589916;0000165788;000;0000500083;
10;58731662005938;23/12/2019;125;00000010006302900002;CRE;00001;001;0000500085;0000401772;000000007498;                    ;000;410863;0000165790;000;0000500085;
10;58731662005938;23/12/2019;125;00000010006302900002;DEB;20001;001;0000500086;0000238624;000000009999;                    ;000;515601;0000096589;000;0000500086;
10;58731662005938;23/12/2019;125;00000010006302900002;DEB;20002;001;0000500087;0000339128;000000019989;                    ;000;476608;0000096592;000;0000500087;
10;58731662005938;23/12/2019;125;00000010006302900002;CRE;00001;001;0000500088;0000043446;000000010999;                    ;000;498401;0000096595;000;0000500088;
10;58731662005938;23/12/2019;125;00000010006302900002;CRE;00002;002;0000500089;0000685586;000000021998;                    ;002;549159;0000165795;000;0000500089;
10;58731662005938;23/12/2019;125;00000010006302900002;CRE;00002;002;0000500090;0000503085;000000012999;                    ;004;542820;0000165798;000;0000500090;
10;58731662005938;23/12/2019;125;00000010006302900002;CRE;00001;001;0000500091;0000079332;000000005999;                    ;000;412177;0000165801;000;0000500091;
10;58731662005938;23/12/2019;125;00000010006302900002;DEB;20001;001;0000500092;0000582341;000000018000;                    ;000;502121;0000165804;000;0000500092;
10;58731662005938;23/12/2019;125;00000010006302900002;CRE;00001;002;0000500093;0000015444;000000017995;                    ;002;422005;0000165804;000;0000500093;
10;58731662005938;23/12/2019;125;00000010006302900002;CRE;00002;002;0000500094;0000001562;000000039999;                    ;010;520132;0000165807;000;0000500094;
10;58731662005938;23/12/2019;125;00000010006302900002;DEB;20002;001;0000500095;0000296044;000000011998;                    ;000;466070;0000165810;000;0000500095;
10;58731662005938;23/12/2019;125;00000010006302900002;DEB;20032;001;0000500096;0000339953;000000021997;                    ;000;509065;0000165813;000;0000500096;
10;58731662005938;23/12/2019;125;00000010006302900002;CRE;00002;002;0000500097;0000060705;000000023398;                    ;007;525663;0000165816;000;0000500097;
10;58731662005938;23/12/2019;125;00000010006302900002;DEB;20001;001;0000500098;0000064984;000000015998;                    ;000;544731;0000165819;000;0000500098;
10;58731662005938;23/12/2019;125;00000010006302900002;CRE;00002;001;0000500099;0000114373;000000007999;                    ;000;544731;0000165822;000;0000500099;
10;58731662005938;23/12/2019;125;00000010006302900002;CRE;00002;002;0000500100;0000133969;000000013999;                    ;002;544731;0000165825;000;0000500100;
10;58731662005938;23/12/2019;125;00000010006302900002;CRE;00002;002;0000500101;0000050042;000000021297;                    ;007;530994;0000165828;000;0000500101;
10;58731662005938;23/12/2019;005;00000200509027166236;DEB;10030;001;0497478908;0000700065;000000005999;                    ;000;606068;0000165831;000;0000500002;
10;58731662005938;23/12/2019;125;00000010006302900002;DEB;20002;001;0000500102;0000339888;000000009598;                    ;000;476608;0000165834;000;0000500102;
10;58731662005938;23/12/2019;125;00000010006302900002;CRE;00001;002;0000500103;0000621426;000000022998;                    ;007;498401;0000096598;000;0000500103;
10;58731662005938;23/12/2019;125;00000010006302900002;CRE;00001;001;0000500105;0000210371;000000015400;                    ;000;464614;0000165837;000;0000500105;
10;58731662005938;23/12/2019;125;00000010006302900002;DEB;20001;001;0000500106;0000891699;000000006998;                    ;000;515787;0000096604;000;0000500106;
10;58731662005938;23/12/2019;125;00000010006302900002;CRE;00002;002;0000500107;0000007474;000000049999;                    ;010;514945;0000165840;000;0000500107;
10;58731662005938;23/12/2019;125;00000010006302900002;DEB;20002;001;0000500108;0000670367;000000022596;                    ;000;439267;0000165843;000;0000500108;
10;58731662005938;23/12/2019;125;00000010006302900002;CRE;00002;001;0000500109;0000322480;000000007998;                    ;000;544731;0000096609;000;0000500109;
10;58731662005938;23/12/2019;125;00000010006302900002;CRE;00001;002;0000500110;0000652123;000000013995;                    ;002;498453;0000165846;000;0000500110;
10;58731662005938;23/12/2019;125;00000010006302900002;DEB;20001;001;0000500111;0000776814;000000030997;                    ;000;549167;0000096612;000;0000500111;
10;58731662005938;23/12/2019;125;00000010006302900002;DEB;20001;001;0000500112;0000342463;000000011297;                    ;000;542820;0000096615;000;0000500112;
10;58731662005938;23/12/2019;125;00000010006302900002;DEB;20032;001;0000500113;0000102998;000000011197;                    ;000;506753;0000165853;000;0000500113;
10;58731662005938;23/12/2019;125;00000010006302900002;CRE;00002;002;0000500114;0000412172;000000008999;                    ;003;515590;0000165856;000;0000500114;
10;58731662005938;23/12/2019;125;00000010006302900002;DEB;20002;001;0000500116;0000340311;000000012999;                    ;000;483042;0000165859;000;0000500116;
10;58731662005938;23/12/2019;125;00000010006302900002;DEB;20001;001;0000500117;0000460443;000000010998;                    ;000;502121;0000165864;000;0000500117;
10;58731662005938;23/12/2019;125;00000010006302900002;CRE;00002;002;0000500118;0000081951;000000010980;                    ;002;530780;0000165867;000;0000500118;
10;58731662005938;23/12/2019;125;00000010006302900002;CRE;00001;001;0000500119;0000726755;000000008198;                    ;000;498408;0000096618;000;0000500119;
10;58731662005938;23/12/2019;125;00000010006302900002;CRE;00001;001;0000500120;0000605576;000000001999;                    ;000;406669;0000165870;000;0000500120;
10;58731662005938;23/12/2019;125;00000010006302900002;DEB;20002;001;0000500121;0000249946;000000011999;                    ;000;498453;0000165873;000;0000500121;
10;58731662005938;23/12/2019;125;00000010006302900002;CRE;00002;002;0000500122;0000080505;000000014999;                    ;002;535081;0000165878;000;0000500122;
10;58731662005938;23/12/2019;125;00000010006302900002;CRE;00002;002;0000500126;0000007485;000000011497;                    ;003;539091;0000096623;000;0000500126;
10;58731662005938;23/12/2019;125;00000010006302900002;CRE;00002;002;0000500127;0000021671;000000020997;                    ;007;515590;0000165883;000;0000500127;
10;58731662005938;23/12/2019;125;00000010006302900002;DEB;20001;001;0000500128;0000823668;000000011998;                    ;000;589916;0000165886;000;0000500128;
10;58731662005938;23/12/2019;125;00000010006302900002;DEB;20001;001;0000500129;0000821471;000000002999;                    ;000;523284;0000096626;000;0000500129;
10;58731662005938;23/12/2019;125;00000010006302900002;CRE;00002;002;0000500130;0000052179;000000009998;                    ;003;544731;0000096629;000;0000500130;
10;58731662005938;23/12/2019;125;00000010006302900002;CRE;00002;001;0000500131;0000012177;000000002999;                    ;000;549167;0000165889;000;0000500131;
10;58731662005938;23/12/2019;125;00000010006302900002;CRE;00002;001;0000500132;0000062863;000000004999;                    ;000;540105;0000096632;000;0000500132;
10;58731662005938;23/12/2019;125;00000010006302900002;CRE;00002;002;0000500133;0000012207;000000035000;                    ;010;527407;0000073780;000;0000500133;
10;58731662005938;23/12/2019;125;00000010006302900002;CRE;00001;002;0000500134;0000811316;000000034999;                    ;010;485464;0000073780;000;0000500134;
10;58731662005938;23/12/2019;125;00000010006302900002;DEB;20002;001;0000500135;0000340266;000000006999;                    ;000;476608;0000165892;000;0000500135;
10;58731662005938;23/12/2019;125;00000010006302900002;CRE;00002;002;0000500136;0000121984;000000013999;                    ;002;544731;0000096640;000;0000500136;
10;58731662005938;23/12/2019;125;00000010006302900002;DEB;20002;001;0000500137;0000339909;000000012999;                    ;000;476608;0000165895;000;0000500137;
10;58731662005938;23/12/2019;125;00000010006302900002;CRE;00001;002;0000500138;0000059678;000000043997;                    ;004;470598;0000073783;000;0000500138;
10;58731662005938;23/12/2019;125;00000010006302900002;CRE;00002;002;0000500140;0000161442;000000014000;                    ;003;540105;0000165898;000;0000500140;
10;58731662005938;23/12/2019;125;00000010006302900002;DEB;20002;001;0000500141;0000251434;000000007999;                    ;000;498442;0000073787;000;0000500141;
10;58731662005938;23/12/2019;125;00000010006302900002;CRE;00001;001;0000500142;0000839338;000000005999;                    ;000;498401;0000165901;000;0000500142;
10;58731662005938;23/12/2019;125;00000010006302900002;CRE;00002;002;0000500143;0000075018;000000019998;                    ;003;543882;0000073790;000;0000500143;
10;58731662005938;23/12/2019;125;00000010006302900002;CRE;00002;002;0000500144;0000704613;000000035997;                    ;010;550209;0000165904;000;0000500144;
10;58731662005938;23/12/2019;125;00000010006302900002;DEB;20001;001;0000500145;0000244967;000000015998;                    ;000;544731;0000073795;000;0000500145;
10;58731662005938;23/12/2019;125;00000010006302900002;CRE;00001;001;0000500146;0000021693;000000004999;                    ;000;422005;0000165907;000;0000500146;
10;58731662005938;23/12/2019;125;00000010006302900002;DEB;20002;001;0000500147;0000340613;000000009999;                    ;000;476608;0000165910;000;0000500147;
10;58731662005938;23/12/2019;125;00000010006302900002;DEB;20001;001;0000500148;0000270162;000000004999;                    ;000;542820;0000073798;000;0000500148;
10;58731662005938;23/12/2019;125;00000010006302900002;CRE;00001;002;0000500149;0000029741;000000019999;                    ;004;489391;0000096643;000;0000500149;
10;58731662005938;23/12/2019;125;00000010006302900002;CRE;00001;002;0000500150;0000074522;000000014999;                    ;005;459077;0000165913;000;0000500150;
10;58731662005938;23/12/2019;125;00000010006302900002;CRE;00031;002;0000500151;0000011331;000000010799;                    ;003;506775;0000073801;000;0000500151;
10;58731662005938;23/12/2019;125;00000010006302900002;DEB;20002;001;0000500152;0000836038;000000009997;                    ;000;476332;0000073804;000;0000500152;
10;58731662005938;23/12/2019;125;00000010006302900002;DEB;20001;001;0000500153;0000355846;000000004396;                    ;000;502121;0000073807;000;0000500153;
10;58731662005938;23/12/2019;125;00000010006302900002;CRE;00002;002;0000500154;0000059571;000000012998;                    ;003;530994;0000096648;000;0000500154;
10;58731662005938;23/12/2019;125;00000010006302900002;CRE;00001;002;0000500155;0000694556;000000015998;                    ;003;482425;0000073810;000;0000500155;
10;58731662005938;23/12/2019;125;00000010006302900002;DEB;20001;001;0000500156;0000385754;000000009999;                    ;000;502121;0000073813;000;0000500156;
10;58731662005938;23/12/2019;125;00000010006302900002;DEB;20001;001;0000500157;0000087377;000000033998;                    ;000;603689;0000073816;000;0000500157;
10;58731662005938;23/12/2019;125;00000010006302900002;DEB;20001;001;0000500158;0000887681;000000009999;                    ;000;549167;0000096653;000;0000500158;
10;58731662005938;23/12/2019;125;00000010006302900002;CRE;00002;002;0000500159;0000R55147;000000011999;                    ;002;536537;0000073821;000;0000500159;
10;58731662005938;23/12/2019;125;00000010006302900002;CRE;00002;002;0000500160;0000389114;000000012998;                    ;003;526326;0000096656;000;0000500160;
10;58731662005938;23/12/2019;125;00000010006302900002;CRE;00002;002;0000500161;0000451880;000000017997;                    ;004;544731;0000073824;000;0000500161;
10;58731662005938;23/12/2019;125;00000010006302900002;DEB;20032;001;0000500162;0000637736;000000008998;                    ;000;506722;0000073827;000;0000500162;
10;58731662005938;23/12/2019;125;00000010006302900002;DEB;20032;001;0000500163;0000340316;000000019999;                    ;000;650488;0000073830;000;0000500163;
10;58731662005938;23/12/2019;125;00000010006302900002;DEB;20001;001;0000500164;0000897323;000000005298;                    ;000;589916;0000096659;000;0000500164;
10;58731662005938;23/12/2019;125;00000010006302900002;CRE;00001;001;0000500165;0000966961;000000010999;                    ;000;498401;0000073833;000;0000500165;
10;58731662005938;23/12/2019;125;00000010006302900002;DEB;20001;001;0000500166;0000545040;000000004498;                    ;000;502121;0000073839;000;0000500166;
10;58731662005938;23/12/2019;125;00000010006302900002;DEB;20001;001;0000500167;0000138659;000000003998;                    ;000;230650;0000073841;000;0000500167;
10;58731662005938;23/12/2019;125;00000010006302900002;CRE;00002;001;0000500168;0000157870;000000004999;                    ;000;522688;0000073844;000;0000500168;
10;58731662005938;23/12/2019;125;00000010006302900002;DEB;20001;001;0000500169;0000917279;000000003000;                    ;000;514945;0000073847;000;0000500169;
10;58731662005938;23/12/2019;125;00000010006302900002;CRE;00002;002;0000500170;0000032160;000000039999;                    ;010;530780;0000096664;000;0000500170;
10;58731662005938;23/12/2019;125;00000010006302900002;DEB;20001;001;0000500171;0000043458;000000002499;                    ;000;515590;0000096667;000;0000500171;
10;58731662005938;23/12/2019;125;00000010006302900002;CRE;00001;002;0000500172;0000022425;000000024250;                    ;008;496045;0000073849;000;0000500172;
10;58731662005938;23/12/2019;125;00000010006302900002;DEB;20032;001;0000500173;0000358036;000000010999;                    ;000;506775;0000165916;000;0000500173;
10;58731662005938;23/12/2019;125;00000010006302900002;DEB;20002;001;0000500174;0000081045;000000017998;                    ;000;422061;0000073852;000;0000500174;
10;58731662005938;23/12/2019;125;00000010006302900002;DEB;20001;001;0000500175;0000925295;000000001999;                    ;000;589916;0000073857;000;0000500175;
10;58731662005938;23/12/2019;125;00000010006302900002;CRE;00002;002;0000500176;0000036991;000000005999;                    ;002;541187;0000165921;000;0000500176;
10;58731662005938;23/12/2019;125;00000010006302900002;DEB;20002;001;0000500177;0000340710;000000009897;                    ;000;476608;0000073862;000;0000500177;
10;58731662005938;23/12/2019;125;00000010006302900002;CRE;00002;001;0000500178;0000165758;000000008999;                    ;000;540105;0000073865;000;0000500178;
10;58731662005938;23/12/2019;125;00000010006302900002;CRE;00031;002;0000500179;0000620454;000000013995;                    ;004;650516;0000165924;000;0000500179;
10;58731662005938;23/12/2019;125;00000010006302900002;CRE;00001;002;0000500180;0000004548;000000008999;                    ;003;485464;0000165927;000;0000500180;
10;58731662005938;23/12/2019;125;00000010006302900002;DEB;20001;001;0000500181;0000502723;000000009998;                    ;000;546479;0000073868;000;0000500181;
10;58731662005938;23/12/2019;125;00000010006302900002;CRE;00002;001;0000500182;0000224061;000000005098;                    ;000;544731;0000165930;000;0000500182;
10;58731662005938;23/12/2019;125;00000010006302900002;CRE;00001;002;0000500183;0000016270;000000028998;                    ;005;498406;0000165933;000;0000500183;
10;58731662005938;23/12/2019;125;00000010006302900002;CRE;00031;002;0000500184;0000508096;000000009998;                    ;002;650516;0000073871;000;0000500184;
10;58731662005938;23/12/2019;125;00000010006302900002;CRE;00002;002;0000500185;0000265267;000000014497;                    ;003;544731;0000073874;000;0000500185;
10;58731662005938;23/12/2019;125;00000010006302900002;CRE;00001;002;0000500186;0000035254;000000028995;                    ;003;444458;0000165939;000;0000500186;
10;58731662005938;23/12/2019;125;00000010006302900002;CRE;00002;001;0000500187;0000305266;000000011998;                    ;000;520132;0000073879;000;0000500187;
10;58731662005938;23/12/2019;125;00000010006302900002;CRE;00031;001;0000500189;0000624297;000000022998;                    ;000;651652;0000073882;000;0000500189;
10;58731662005938;23/12/2019;125;00000010006302900002;DEB;20001;001;0000500190;0000334046;000000015998;                    ;000;502121;0000165944;000;0000500190;
10;58731662005938;23/12/2019;125;00000010006302900002;DEB;20002;001;0000500191;0000341067;000000004999;                    ;000;409308;0000073885;000;0000500191;
10;58731662005938;23/12/2019;125;00000010006302900002;CRE;00002;002;0000500192;0000022590;000000009999;                    ;002;527496;0000165947;000;0000500192;
10;58731662005938;23/12/2019;125;00000010006302900002;CRE;00001;002;0000500193;0000070141;000000009999;                    ;002;498453;0000073888;000;0000500193;
10;58731662005938;23/12/2019;125;00000010006302900002;DEB;20002;001;0000500194;0000340620;000000007999;                    ;000;409602;0000165950;000;0000500194;
10;58731662005938;23/12/2019;125;00000010006302900002;DEB;20002;001;0000500195;0000156278;000000002798;                    ;000;444458;0000073891;000;0000500195;
10;58731662005938;23/12/2019;125;00000010006302900002;CRE;00002;002;0000500196;0000078968;000000009999;                    ;003;530034;0000165953;000;0000500196;
10;58731662005938;23/12/2019;125;00000010006302900002;DEB;20032;001;0000500197;0000341467;000000007999;                    ;000;650491;0000073894;000;0000500197;
10;58731662005938;23/12/2019;125;00000010006302900002;DEB;20002;001;0000500198;0000256354;000000020512;                    ;000;498423;0000096672;000;0000500198;
10;58731662005938;23/12/2019;125;00000010006302900002;CRE;00001;002;0000500199;0000422579;000000014998;                    ;002;410863;0000165958;000;0000500199;
10;58731662005938;23/12/2019;125;00000010006302900002;CRE;00001;001;0000500200;0000186214;000000003999;                    ;000;459384;0000073897;000;0000500200;
10;58731662005938;23/12/2019;125;00000010006302900002;CRE;00031;002;0000500201;0000640822;000000023996;                    ;005;650485;0000165961;000;0000500201;
10;58731662005938;23/12/2019;125;00000010006302900002;DEB;20032;001;0000500202;0000340961;000000007498;                    ;000;650488;0000073900;000;0000500202;
10;58731662005938;23/12/2019;125;00000010006302900002;DEB;20002;001;0000500203;0000341464;000000010999;                    ;000;409602;0000073903;000;0000500203;
10;58731662005938;23/12/2019;125;00000010006302900002;DEB;20001;001;0000500204;0000533352;000000015497;                    ;000;502121;0000165968;000;0000500204;
10;58731662005938;23/12/2019;125;00000010006302900002;DEB;20001;001;0000500205;0000005659;000000001298;                    ;000;552693;0000165973;000;0000500205;
10;58731662005938;23/12/2019;125;00000010006302900002;DEB;20001;001;0000500206;0000008700;000000008999;                    ;000;525662;0000165976;000;0000500206;
10;58731662005938;23/12/2019;125;00000010006302900002;DEB;20002;001;0000500208;0000003067;000000007999;                    ;000;496046;0000073908;000;0000500208;
10;58731662005938;23/12/2019;125;00000010006302900002;CRE;00001;002;0000500209;0000043557;000000020998;                    ;002;441524;0000165979;000;0000500209;
10;58731662005938;23/12/2019;125;00000010006302900002;DEB;20001;001;0000500210;0000014571;000000005000;                    ;000;523284;0000165984;000;0000500210;
10;58731662005938;23/12/2019;125;00000010006302900002;CRE;00002;002;0000500211;0000022369;000000008998;                    ;003;542974;0000096683;000;0000500211;
10;58731662005938;23/12/2019;125;00000010006302900002;CRE;00001;002;0000500212;0000026360;000000006999;                    ;002;485464;0000096686;000;0000500212;
10;58731662005938;23/12/2019;125;00000010006302900002;DEB;20002;001;0000500213;0000658278;000000007998;                    ;000;498496;0000165989;000;0000500213;
10;58731662005938;23/12/2019;125;00000010006302900002;DEB;20001;001;0000500214;0000115346;000000016998;                    ;000;502121;0000096689;000;0000500214;
10;58731662005938;23/12/2019;125;00000010006302900002;DEB;20002;001;0000500215;0000124653;000000013998;                    ;000;422061;0000073914;000;0000500215;
10;58731662005938;23/12/2019;125;00000010006302900002;CRE;00001;002;0000500216;0000630544;000000029999;                    ;004;453211;0000165992;000;0000500216;
10;58731662005938;23/12/2019;125;00000010006302900002;DEB;20001;001;0000500217;0000579247;000000001999;                    ;000;554927;0000165997;000;0000500217;
10;58731662005938;23/12/2019;125;00000010006302900002;DEB;20032;001;0000500218;0000569304;000000005999;                    ;000;506775;0000073917;000;0000500218;
10;58731662005938;23/12/2019;125;00000010006302900002;CRE;00001;002;0000500220;0000165164;000000062998;                    ;010;410863;0000166000;000;0000500220;
10;58731662005938;23/12/2019;125;00000010006302900002;CRE;00002;001;0000500219;0000075079;000000003599;                    ;000;546479;0000096692;000;0000500219;
10;58731662005938;23/12/2019;125;00000010006302900002;CRE;00002;001;0000500221;0000075488;000000003599;                    ;000;546479;0000096692;000;0000500221;
10;58731662005938;23/12/2019;125;00000010006302900002;DEB;20002;001;0000500222;0000031416;000000014000;                    ;000;476332;0000166003;000;0000500222;
10;58731662005938;23/12/2019;125;00000010006302900002;CRE;00001;001;0000500223;0000694778;000000013997;                    ;000;453211;0000166003;000;0000500223;
10;58731662005938;23/12/2019;125;00000010006302900002;DEB;20032;001;0000500225;0000585820;000000016999;                    ;000;509067;0000166006;000;0000500225;
10;58731662005938;23/12/2019;125;00000010006302900002;CRE;00001;002;0000500224;0000611939;000000018000;                    ;002;410424;0000073919;000;0000500224;
10;58731662005938;23/12/2019;125;00000010006302900002;CRE;00002;002;0000500226;0000221355;000000031996;                    ;006;522840;0000073919;000;0000500226;
10;58731662005938;23/12/2019;125;00000010006302900002;CRE;00002;001;0000500227;0000225869;000000029988;                    ;000;552693;0000166009;000;0000500227;
10;58731662005938;23/12/2019;125;00000010006302900002;CRE;00002;002;0000500228;0000240463;000000045993;                    ;005;544731;0000166012;000;0000500228;
10;58731662005938;23/12/2019;125;00000010006302900002;DEB;20002;001;0000500229;0000159104;000000004998;                    ;000;485464;0000166015;000;0000500229;
10;58731662005938;23/12/2019;125;00000010006302900002;DEB;20002;001;0000500230;0000853219;000000023995;                    ;000;439267;0000073922;000;0000500230;
10;58731662005938;23/12/2019;125;00000010006302900002;CRE;00001;001;0000500231;0000022324;000000001999;                    ;000;459080;0000166019;000;0000500231;
10;58731662005938;23/12/2019;125;00000010006302900002;DEB;20001;001;0000500232;0000265746;000000009999;                    ;000;502121;0000073925;000;0000500232;
10;58731662005938;23/12/2019;125;00000010006302900002;DEB;20001;001;0000500233;0000144815;000000003995;                    ;000;603689;0000166024;000;0000500233;
10;58731662005938;23/12/2019;125;00000010006302900002;DEB;20001;001;0000500234;0000055798;000000004499;                    ;000;523284;0000073932;000;0000500234;
10;58731662005938;23/12/2019;125;00000010006302900002;DEB;20002;001;0000500235;0000163260;000000019495;                    ;000;439267;0000166026;000;0000500235;
10;58731662005938;23/12/2019;125;00000010006302900002;CRE;00002;001;0000500236;0000333498;000000012998;                    ;000;522840;0000166029;000;0000500236;
10;58731662005938;23/12/2019;125;00000010006302900002;DEB;20002;001;0000500237;0000659647;000000009999;                    ;000;485464;0000096695;000;0000500237;
10;58731662005938;23/12/2019;125;00000010006302900002;DEB;20002;001;0000500239;0000859683;000000010998;                    ;000;498442;0000166032;000;0000500239;
10;58731662005938;23/12/2019;125;00000010006302900002;DEB;20001;001;0000500240;0000060106;000000041996;                    ;000;589916;0000096698;000;0000500240;
10;58731662005938;23/12/2019;125;00000010006302900002;CRE;00002;002;0000500238;0000122083;000000009000;                    ;003;550209;0000073935;000;0000500238;
10;58731662005938;23/12/2019;125;00000010006302900002;CRE;00002;002;0000500241;0000071782;000000008999;                    ;003;527468;0000073935;000;0000500241;
10;58731662005938;23/12/2019;125;00000010006302900002;CRE;00002;002;0000500242;0000360783;000000025998;                    ;002;544731;0000166035;000;0000500242;
10;58731662005938;23/12/2019;125;00000010006302900002;CRE;00002;002;0000500243;0000095926;000000029999;                    ;010;518759;0000096701;000;0000500243;
10;58731662005938;23/12/2019;125;00000010006302900002;CRE;00002;002;0000500244;0000047583;000000024998;                    ;003;530033;0000096704;000;0000500244;
10;58731662005938;23/12/2019;125;00000010006302900002;CRE;00031;001;0000500245;0000003960;000000015997;                    ;000;655003;0000073941;000;0000500245;
10;58731662005938;23/12/2019;125;00000010006302900002;CRE;00002;001;0000500246;0000045823;000000004999;                    ;000;523421;0000166044;000;0000500246;
10;58731662005938;23/12/2019;125;00000010006302900002;CRE;00002;001;0000500247;0000047839;000000003998;                    ;000;530033;0000166047;000;0000500247;
10;58731662005938;23/12/2019;125;00000010006302900002;CRE;00002;002;0000500248;0000093320;000000014197;                    ;002;527407;0000166049;000;0000500248;
10;58731662005938;23/12/2019;125;00000010006302900002;CRE;00002;001;0000500249;0000011630;000000007999;                    ;000;530994;0000073946;000;0000500249;
10;58731662005938;23/12/2019;125;00000010006302900002;CRE;00001;002;0000500250;0000001005;000000010997;                    ;003;422053;0000166054;000;0000500250;
10;58731662005938;23/12/2019;125;00000010006302900002;CRE;00001;002;0000500251;0000092019;000000019999;                    ;006;439013;0000073948;000;0000500251;
10;58731662005938;23/12/2019;125;00000010006302900002;CRE;00001;001;0000500252;0000610891;000000012999;                    ;000;406669;0000166059;000;0000500252;
10;58731662005938;23/12/2019;125;00000010006302900002;CRE;00001;002;0000500253;0000016583;000000014998;                    ;003;498401;0000073951;000;0000500253;
10;58731662005938;23/12/2019;125;00000010006302900002;DEB;20002;001;0000500255;0000066184;000000013999;                    ;000;439267;0000096709;000;0000500255;
10;58731662005938;23/12/2019;125;00000010006302900002;DEB;20002;001;0000500257;0000341828;000000044898;                    ;000;473200;0000073954;000;0000500257;
10;58731662005938;23/12/2019;125;00000010006302900002;CRE;00002;002;0000500258;0000046487;000000005999;                    ;002;530034;0000073957;000;0000500258;
10;58731662005938;23/12/2019;125;00000010006302900002;DEB;20032;001;0000500262;0000279874;000000005190;                    ;000;506722;0000166064;000;0000500262;
10;58731662005938;23/12/2019;125;00000010006302900002;CRE;00002;002;0000500263;0000027272;000000017998;                    ;003;548721;0000166068;000;0000500263;
10;58731662005938;23/12/2019;125;00000010006302900002;CRE;00031;002;0000500264;0000612156;000000014999;                    ;005;650491;0000166071;000;0000500264;
10;58731662005938;23/12/2019;005;00000200509027166236;DEB;10030;001;0254879282;0000400047;000000003499;                    ;000;606068;0000166076;000;0000500003;
10;58731662005938;23/12/2019;125;00000010006302900002;CRE;00002;002;0000500265;0000064553;000000015898;                    ;003;536143;0000096714;000;0000500265;
10;58731662005938;23/12/2019;125;00000010006302900002;CRE;00002;002;0000500266;0000243174;000000019998;                    ;004;523421;0000166082;000;0000500266;
10;58731662005938;23/12/2019;125;00000010006302900002;DEB;20002;001;0000500267;0000342105;000000017996;                    ;000;476608;0000096717;000;0000500267;
10;58731662005938;23/12/2019;125;00000010006302900002;CRE;00002;002;0000500268;0000175877;000000012996;                    ;002;523421;0000166085;000;0000500268;
10;58731662005938;23/12/2019;125;00000010006302900002;DEB;20001;001;0000500269;0000117656;000000001999;                    ;000;523284;0000073967;000;0000500269;
10;58731662005938;23/12/2019;125;00000010006302900002;CRE;00002;002;0000500270;0000115775;000000015997;                    ;003;544731;0000096720;000;0000500270;
10;58731662005938;23/12/2019;125;00000010006302900002;DEB;20032;001;0000500272;0000749713;000000016999;                    ;000;506721;0000073970;000;0000500272;
10;58731662005938;23/12/2019;125;00000010006302900002;CRE;00001;002;0000500271;0000621458;000000057993;                    ;006;453211;0000166088;000;0000500271;
10;58731662005938;23/12/2019;125;00000010006302900002;CRE;00002;002;0000500273;0000060073;000000009999;                    ;002;530780;0000096723;000;0000500273;
10;58731662005938;23/12/2019;125;00000010006302900002;DEB;20001;001;0000500274;0000140174;000000009999;                    ;000;544731;0000096726;000;0000500274;
10;58731662005938;23/12/2019;125;00000010006302900002;CRE;00002;001;0000500275;0000144669;000000016998;                    ;000;522840;0000166093;000;0000500275;
10;58731662005938;23/12/2019;125;00000010006302900002;CRE;00002;002;0000500276;0000R87202;000000019999;                    ;006;536537;0000166096;000;0000500276;
10;58731662005938;23/12/2019;125;00000010006302900002;CRE;00002;002;0000500277;0000917897;000000019997;                    ;006;540593;0000166099;000;0000500277;
10;58731662005938;23/12/2019;125;00000010006302900002;DEB;20002;001;0000500278;0000182072;000000033996;                    ;000;410863;0000096729;000;0000500278;
10;58731662005938;23/12/2019;125;00000010006302900002;CRE;00031;002;0000500279;0000032587;000000019998;                    ;003;655003;0000096732;000;0000500279;
10;58731662005938;23/12/2019;125;00000010006302900002;DEB;20032;001;0000500280;0000776333;000000008999;                    ;000;506775;0000166106;000;0000500280;
10;58731662005938;23/12/2019;125;00000010006302900002;CRE;00002;002;0000500281;0000062358;000000030998;                    ;006;558763;0000166109;000;0000500281;
10;58731662005938;23/12/2019;125;00000010006302900002;DEB;20002;001;0000500282;0000362572;000000010000;                    ;000;498453;0000073975;000;0000500282;
10;58731662005938;23/12/2019;125;00000010006302900002;CRE;00001;002;0000500283;0000049227;000000020998;                    ;007;439389;0000166112;000;0000500283;
10;58731662005938;23/12/2019;125;00000010006302900002;DEB;20001;001;0000500284;0000273282;000000002999;                    ;000;550209;0000166115;000;0000500284;
10;58731662005938;23/12/2019;125;00000010006302900002;CRE;00001;002;0000500285;0000033728;000000032997;                    ;002;422053;0000166118;000;0000500285;
10;58731662005938;23/12/2019;125;00000010006302900002;CRE;00001;002;0000500286;0000651013;000000042993;                    ;004;453211;0000096735;000;0000500286;
10;58731662005938;23/12/2019;125;00000010006302900002;CRE;00002;002;0000500287;0000093432;000000012997;                    ;003;530994;0000166121;000;0000500287;
10;58731662005938;23/12/2019;125;00000010006302900002;CRE;00001;001;0000500288;0000661616;000000006999;                    ;000;453211;0000073979;000;0000500288;
10;58731662005938;23/12/2019;125;00000010006302900002;CRE;00002;001;0000500290;0000273481;000000008998;                    ;000;522840;0000166124;000;0000500290;
10;58731662005938;23/12/2019;125;00000010006302900002;DEB;20001;001;0000500291;0000284759;000000005998;                    ;000;521180;0000166127;000;0000500291;
10;58731662005938;23/12/2019;125;00000010006302900002;CRE;00002;002;0000500292;0000322063;000000007999;                    ;002;544731;0000166132;000;0000500292;
10;58731662005938;23/12/2019;125;00000010006302900002;CRE;00001;001;0000500293;0000645165;000000001997;                    ;000;406655;0000073984;000;0000500293;
10;58731662005938;23/12/2019;125;00000010006302900002;CRE;00002;002;0000500294;0000023706;000000007999;                    ;002;527468;0000166137;000;0000500294;
10;58731662005938;23/12/2019;125;00000010006302900002;DEB;20001;001;0000500295;0000157001;000000006999;                    ;000;523284;0000096738;000;0000500295;
10;58731662005938;23/12/2019;125;00000010006302900002;CRE;00002;002;0000500296;0000036345;000000029998;                    ;010;543882;0000073987;000;0000500296;
10;58731662005938;23/12/2019;125;00000010006302900002;CRE;00002;001;0000500297;0000030094;000000021297;                    ;000;514945;0000166140;000;0000500297;
10;58731662005938;23/12/2019;125;00000010006302900002;CRE;00002;002;0000500298;0000033224;000000007999;                    ;002;530994;0000073990;000;0000500298;
10;58731662005938;23/12/2019;125;00000010006302900002;CRE;00002;001;0000500299;0000446705;000000003297;                    ;000;522688;0000166147;000;0000500299;
10;58731662005938;23/12/2019;125;00000010006302900002;DEB;20032;001;0000500300;0000347376;000000012999;                    ;000;627780;0000166150;000;0000500300;
10;58731662005938;23/12/2019;125;00000010006302900002;DEB;20001;001;0000500301;0000461254;000000020997;                    ;000;502121;0000096741;000;0000500301;
10;58731662005938;23/12/2019;125;00000010006302900002;DEB;20001;001;0000500302;0000170156;000000009999;                    ;000;525663;0000166153;000;0000500302;
10;58731662005938;23/12/2019;125;00000010006302900002;DEB;20001;001;0000500304;0000505544;000000005000;                    ;000;502121;0000073993;000;0000500304;
10;58731662005938;23/12/2019;125;00000010006302900002;DEB;20001;001;0000500305;0000511174;000000004999;                    ;000;544731;0000073993;000;0000500305;
10;58731662005938;23/12/2019;125;00000010006302900002;DEB;20002;001;0000500303;0000342564;000000010000;                    ;000;476608;0000166158;000;0000500303;
10;58731662005938;23/12/2019;125;00000010006302900002;CRE;00001;002;0000500306;0000611570;000000027995;                    ;003;455181;0000166158;000;0000500306;
10;58731662005938;23/12/2019;125;00000010006302900002;DEB;20001;001;0000500307;0000719134;000000009999;                    ;000;546479;0000096746;000;0000500307;
10;58731662005938;23/12/2019;125;00000010006302900002;DEB;20032;001;0000500308;0000643906;000000008298;                    ;000;506722;0000073996;000;0000500308;
10;58731662005938;23/12/2019;125;00000010006302900002;CRE;00001;002;0000500309;0000802835;000000018495;                    ;006;498453;0000166161;000;0000500309;
10;58731662005938;23/12/2019;125;00000010006302900002;DEB;20032;001;0000500310;0000785213;000000008999;                    ;000;506722;0000073999;000;0000500310;
10;58731662005938;23/12/2019;125;00000010006302900002;CRE;00002;002;0000500311;0000081378;000000034999;                    ;010;554906;0000166166;000;0000500311;
10;58731662005938;23/12/2019;125;00000010006302900002;DEB;20002;001;0000500312;0000342021;000000002198;                    ;000;409600;0000166169;000;0000500312;
10;58731662005938;23/12/2019;125;00000010006302900002;CRE;00002;002;0000500313;0000000912;000000056789;                    ;010;530994;0000096751;000;0000500313;
10;58731662005938;23/12/2019;125;00000010006302900002;DEB;20001;001;0000500314;0000732396;000000038998;                    ;000;554906;0000074004;000;0000500314;
10;58731662005938;23/12/2019;125;00000010006302900002;DEB;20032;001;0000500315;0000132717;000000013999;                    ;000;506722;0000166174;000;0000500315;
10;58731662005938;23/12/2019;125;00000010006302900002;CRE;00001;002;0000500316;0000070581;000000016997;                    ;004;427167;0000096754;000;0000500316;
10;58731662005938;23/12/2019;125;00000010006302900002;DEB;20001;001;0000500317;0000207552;000000002399;                    ;000;545719;0000074009;000;0000500317;
10;58731662005938;23/12/2019;125;00000010006302900002;CRE;00002;002;0000500318;0000076725;000000021997;                    ;002;530994;0000166179;000;0000500318;
10;58731662005938;23/12/2019;125;00000010006302900002;CRE;00002;001;0000500319;0000804366;000000001499;                    ;000;550209;0000074012;000;0000500319;
10;58731662005938;23/12/2019;125;00000010006302900002;DEB;20001;001;0000500320;0000215390;000000010000;                    ;000;589916;0000074015;000;0000500320;
10;58731662005938;23/12/2019;125;00000010006302900002;CRE;00002;001;0000500321;0000023187;000000005000;                    ;000;531705;0000074015;000;0000500321;
10;58731662005938;23/12/2019;125;00000010006302900002;CRE;00001;002;0000500322;0000225401;000000018997;                    ;003;498431;0000074017;000;0000500322;
10;58731662005938;23/12/2019;125;00000010006302900002;CRE;00001;001;0000500323;0000640743;000000023997;                    ;000;453211;0000074020;000;0000500323;
10;58731662005938;23/12/2019;125;00000010006302900002;CRE;00001;002;0000500324;0000057810;000000016997;                    ;002;459080;0000096759;000;0000500324;
10;58731662005938;23/12/2019;125;00000010006302900002;DEB;20032;001;0000500325;0000343149;000000004999;                    ;000;650494;0000166182;000;0000500325;
10;58731662005938;23/12/2019;125;00000010006302900002;CRE;00002;002;0000500326;0000R61581;000000009498;                    ;003;514087;0000074025;000;0000500326;
10;58731662005938;23/12/2019;125;00000010006302900002;DEB;20001;001;0000500327;0000164668;000000001998;                    ;000;552693;0000166185;000;0000500327;
10;58731662005938;23/12/2019;125;00000010006302900002;CRE;00002;001;0000500328;0000171674;000000002298;                    ;000;544731;0000096764;000;0000500328;
10;58731662005938;23/12/2019;125;00000010006302900002;DEB;20001;001;0000500329;0000174250;000000003499;                    ;000;502121;0000074028;000;0000500329;
10;58731662005938;23/12/2019;125;00000010006302900002;DEB;20032;001;0000500330;0000972777;000000029999;                    ;000;506730;0000096767;000;0000500330;
10;58731662005938;23/12/2019;125;00000010006302900002;DEB;20032;001;0000500331;0000776037;000000074999;                    ;000;506722;0000166188;000;0000500331;
10;58731662005938;23/12/2019;125;00000010006302900002;DEB;20001;001;0000500332;0000221159;000000005999;                    ;000;502121;0000096770;000;0000500332;
10;58731662005938;23/12/2019;125;00000010006302900002;DEB;20001;001;0000500333;0000760121;000000006999;                    ;000;546479;0000166191;000;0000500333;
10;58731662005938;23/12/2019;125;00000010006302900002;DEB;20002;001;0000500334;0000342901;000000006998;                    ;000;476608;0000096773;000;0000500334;
10;58731662005938;23/12/2019;125;00000010006302900002;CRE;00002;002;0000500335;0000253787;000000029999;                    ;010;542820;0000096776;000;0000500335;
10;58731662005938;23/12/2019;125;00000010006302900002;CRE;00002;002;0000500336;0000021883;000000018000;                    ;002;536143;0000166194;000;0000500336;
10;58731662005938;23/12/2019;125;00000010006302900002;DEB;20001;001;0000500337;0000272967;000000012999;                    ;000;544731;0000096779;000;0000500337;
10;58731662005938;23/12/2019;125;00000010006302900002;CRE;00002;001;0000500338;0000378019;000000004999;                    ;000;533728;0000096782;000;0000500338;
10;58731662005938;23/12/2019;125;00000010006302900002;CRE;00001;002;0000500339;0000034426;000000026999;                    ;006;415275;0000166196;000;0000500339;
10;58731662005938;23/12/2019;125;00000010006302900002;CRE;00001;002;0000500340;0000037129;000000019999;                    ;004;439390;0000074031;000;0000500340;
10;58731662005938;23/12/2019;125;00000010006302900002;DEB;20001;001;0000500343;0000274077;000000041996;                    ;000;603689;0000096785;000;0000500343;
10;58731662005938;23/12/2019;125;00000010006302900002;CRE;00002;002;0000500341;0000295380;000000007999;                    ;002;544731;0000166199;000;0000500341;
10;58731662005938;23/12/2019;125;00000010006302900002;CRE;00001;002;0000500344;0000310764;000000013497;                    ;003;410863;0000166199;000;0000500344;
10;58731662005938;23/12/2019;125;00000010006302900002;CRE;00001;002;0000500345;0000630075;000000019999;                    ;003;453211;0000166202;000;0000500345;
10;58731662005938;23/12/2019;125;00000010006302900002;CRE;00001;002;0000500346;0000633096;000000007999;                    ;002;455187;0000096788;000;0000500346;
10;58731662005938;23/12/2019;125;00000010006302900002;CRE;00031;002;0000500347;0000089473;000000031998;                    ;003;651653;0000166207;000;0000500347;
10;58731662005938;23/12/2019;125;00000010006302900002;DEB;20002;001;0000500348;0000364157;000000018998;                    ;000;441524;0000166210;000;0000500348;
10;58731662005938;23/12/2019;125;00000010006302900002;DEB;20001;001;0000500349;0000255827;000000008000;                    ;000;589916;0000096791;000;0000500349;
10;58731662005938;23/12/2019;125;00000010006302900002;CRE;00002;002;0000500350;0000036058;000000014995;                    ;003;516292;0000096791;000;0000500350;
10;58731662005938;23/12/2019;125;00000010006302900002;CRE;00002;002;0000500351;0000601149;000000042998;                    ;006;536805;0000166215;000;0000500351;
10;58731662005938;23/12/2019;125;00000010006302900002;DEB;20001;001;0000500352;0000415766;000000012999;                    ;000;544731;0000096796;000;0000500352;
10;58731662005938;23/12/2019;125;00000010006302900002;CRE;00002;002;0000500353;0000012079;000000009999;                    ;003;531681;0000166220;000;0000500353;
10;58731662005938;23/12/2019;125;00000010006302900002;DEB;20002;001;0000500354;0000267666;000000013998;                    ;000;498431;0000166223;000;0000500354;
10;58731662005938;23/12/2019;125;00000010006302900002;CRE;00002;002;0000500355;0000282543;000000016900;                    ;005;523421;0000166226;000;0000500355;
10;58731662005938;23/12/2019;125;00000010006302900002;DEB;20032;001;0000500356;0000846975;000000030997;                    ;000;627780;0000166229;000;0000500356;
10;58731662005938;23/12/2019;125;00000010006302900002;CRE;00002;001;0000500357;0000542565;000000043296;                    ;000;515590;0000166232;000;0000500357;
10;58731662005938;23/12/2019;125;00000010006302900002;CRE;00001;002;0000500358;0000563071;000000015998;                    ;003;422061;0000166235;000;0000500358;
10;58731662005938;23/12/2019;125;00000010006302900002;CRE;00002;001;0000500359;0000582766;000000001001;                    ;000;544584;0000166238;000;0000500359;
10;58731662005938;23/12/2019;125;00000010006302900002;DEB;20032;001;0000500360;0000098171;000000004999;                    ;000;506775;0000166240;000;0000500360;
10;58731662005938;23/12/2019;125;00000010006302900002;CRE;00002;002;0000500361;0000011722;000000015989;                    ;004;535081;0000096799;000;0000500361;
10;58731662005938;23/12/2019;125;00000010006302900002;CRE;00001;002;0000500362;0000056546;000000029999;                    ;005;415274;0000166242;000;0000500362;
10;58731662005938;23/12/2019;125;00000010006302900002;DEB;20001;001;0000500363;0000821536;000000016999;                    ;000;523421;0000096802;000;0000500363;
10;58731662005938;23/12/2019;125;00000010006302900002;DEB;20001;001;0000500364;0000296078;000000010998;                    ;000;589916;0000166245;000;0000500364;
10;58731662005938;23/12/2019;125;00000010006302900002;CRE;00001;002;0000500365;0000028335;000000030998;                    ;010;422005;0000166248;000;0000500365;
10;58731662005938;23/12/2019;125;00000010006302900002;CRE;00002;001;0000500366;0000865131;000000014999;                    ;000;523421;0000096806;000;0000500366;
10;58731662005938;23/12/2019;125;00000010006302900002;DEB;20002;001;0000500367;0000768844;000000001299;                    ;000;444458;0000166253;000;0000500367;
10;58731662005938;23/12/2019;125;00000010006302900002;CRE;00002;002;0000500368;0000311390;000000021894;                    ;004;512682;0000074040;000;0000500368;
10;58731662005938;23/12/2019;125;00000010006302900002;DEB;20032;001;0000500369;0000342793;000000003999;                    ;000;650494;0000166255;000;0000500369;
10;58731662005938;23/12/2019;125;00000010006302900002;CRE;00002;002;0000500370;0000091273;000000016897;                    ;003;544731;0000074043;000;0000500370;
10;58731662005938;23/12/2019;125;00000010006302900002;CRE;00002;002;0000500371;0000562051;000000009999;                    ;002;550209;0000166257;000;0000500371;
10;58731662005938;23/12/2019;125;00000010006302900002;CRE;00001;002;0000500372;0000028068;000000019998;                    ;006;476331;0000074046;000;0000500372;
10;58731662005938;23/12/2019;125;00000010006302900002;DEB;20001;001;0000500373;0000808749;000000007997;                    ;000;603689;0000166259;000;0000500373;
10;58731662005938;23/12/2019;125;00000010006302900002;DEB;20001;001;0000500374;0000112877;000000015998;                    ;000;544731;0000096809;000;0000500374;
10;58731662005938;23/12/2019;125;00000010006302900002;CRE;00002;002;0000500375;0000065926;000000021997;                    ;003;544540;0000074049;000;0000500375;
10;58731662005938;23/12/2019;125;00000010006302900002;CRE;00002;002;0000500376;0000127634;000000014999;                    ;005;522688;0000166264;000;0000500376;
10;58731662005938;23/12/2019;125;00000010006302900002;DEB;20032;001;0000500377;0000536147;000000012999;                    ;000;627780;0000096812;000;0000500377;
10;58731662005938;23/12/2019;125;00000010006302900002;CRE;00001;002;0000500378;0000063856;000000009997;                    ;003;415274;0000074052;000;0000500378;
10;58731662005938;23/12/2019;125;00000010006302900002;CRE;00002;002;0000500379;0000188878;000000012998;                    ;002;523421;0000166267;000;0000500379;
10;58731662005938;23/12/2019;125;00000010006302900002;CRE;00001;001;0000500380;0000064636;000000006999;                    ;000;415274;0000096815;000;0000500380;
10;58731662005938;23/12/2019;125;00000010006302900002;CRE;00001;002;0000500381;0000064683;000000014999;                    ;002;415274;0000074055;000;0000500381;
10;58731662005938;23/12/2019;125;00000010006302900002;DEB;20001;001;0000500384;0000320343;000000007999;                    ;000;526863;0000096818;000;0000500384;
10;58731662005938;23/12/2019;125;00000010006302900002;DEB;20002;001;0000500385;0000298739;000000007999;                    ;000;476332;0000074058;000;0000500385;
10;58731662005938;23/12/2019;125;00000010006302900002;CRE;00002;002;0000500386;0000099505;000000036999;                    ;004;542974;0000096821;000;0000500386;
10;58731662005938;23/12/2019;125;00000010006302900002;CRE;00001;001;0000500387;0000063429;000000008999;                    ;000;498401;0000074063;000;0000500387;
10;58731662005938;23/12/2019;125;00000010006302900002;CRE;00001;002;0000500388;0000065527;000000014998;                    ;003;498406;0000096824;000;0000500388;
10;58731662005938;23/12/2019;125;00000010006302900002;CRE;00002;002;0000500389;0000080829;000000023998;                    ;005;530994;0000096827;000;0000500389;
10;58731662005938;23/12/2019;125;00000010006302900002;CRE;00002;002;0000500390;0000222580;000000009098;                    ;003;542820;0000074066;000;0000500390;
10;58731662005938;23/12/2019;125;00000010006302900002;CRE;00002;002;0000500391;0000378652;000000019999;                    ;006;523421;0000074069;000;0000500391;
10;58731662005938;23/12/2019;125;00000010006302900002;CRE;00004;002;0000500392;0000660982;000000007999;                    ;002;376471;0000096830;000;0000500392;
10;58731662005938;23/12/2019;125;00000010006302900002;CRE;00001;002;0000500393;0000072784;000000008999;                    ;003;415274;0000096833;000;0000500393;
10;58731662005938;23/12/2019;125;00000010006302900002;CRE;00002;001;0000500394;0000029362;000000004990;                    ;000;530994;0000074072;000;0000500394;
10;58731662005938;23/12/2019;125;00000010006302900002;CRE;00002;002;0000500395;0000045953;000000047998;                    ;010;548474;0000166272;000;0000500395;
10;58731662005938;23/12/2019;125;00000010006302900002;DEB;20002;001;0000500396;0000170180;000000010997;                    ;000;498453;0000074075;000;0000500396;
10;58731662005938;23/12/2019;125;00000010006302900002;DEB;20001;001;0000500397;0000333645;000000010498;                    ;000;545719;0000166275;000;0000500397;
10;58731662005938;23/12/2019;125;00000010006302900002;DEB;20001;001;0000500398;0000421453;000000043996;                    ;000;512707;0000074078;000;0000500398;
10;58731662005938;23/12/2019;125;00000010006302900002;DEB;20002;001;0000500399;0000770262;000000004999;                    ;000;498401;0000166277;000;0000500399;
10;58731662005938;23/12/2019;125;00000010006302900002;DEB;20032;001;0000500400;0000177059;000000014999;                    ;000;506722;0000166282;000;0000500400;
10;58731662005938;23/12/2019;125;00000010006302900002;CRE;00002;002;0000500401;0000570788;000000012999;                    ;004;523421;0000074081;000;0000500401;
10;58731662005938;23/12/2019;125;00000010006302900002;CRE;00031;002;0000500402;0000662665;000000016998;                    ;004;650901;0000166284;000;0000500402;
10;58731662005938;23/12/2019;125;00000010006302900002;CRE;00002;002;0000500403;0000441578;000000006498;                    ;002;550209;0000166287;000;0000500403;
10;58731662005938;23/12/2019;125;00000010006302900002;DEB;20002;001;0000500404;0000170692;000000016898;                    ;000;498453;0000074083;000;0000500404;
10;58731662005938;23/12/2019;125;00000010006302900002;DEB;20032;001;0000500405;0000206680;000000003999;                    ;000;650487;0000074086;000;0000500405;
10;58731662005938;23/12/2019;125;00000010006302900002;DEB;20001;001;0000500406;0000970614;000000172997;                    ;000;230744;0000166291;000;0000500406;
10;58731662005938;23/12/2019;125;00000010006302900002;CRE;00002;002;0000500407;0000049787;000000050997;                    ;010;539091;0000074089;000;0000500407;
10;58731662005938;23/12/2019;125;00000010006302900002;DEB;20002;001;0000500408;0000770984;000000013999;                    ;000;400178;0000074092;000;0000500408;
10;58731662005938;23/12/2019;125;00000010006302900002;CRE;00001;002;0000500409;0000051629;000000009999;                    ;003;427167;0000096836;000;0000500409;
10;58731662005938;23/12/2019;125;00000010006302900002;DEB;20002;001;0000500411;0000271228;000000019998;                    ;000;498442;0000096839;000;0000500411;
10;58731662005938;23/12/2019;125;00000010006302900002;DEB;20001;001;0000500413;0000851999;000000006999;                    ;000;518759;0000166298;000;0000500413;
10;58731662005938;23/12/2019;125;00000010006302900002;CRE;00002;002;0000500414;0000095005;000000010998;                    ;003;530994;0000096842;000;0000500414;
10;58731662005938;23/12/2019;125;00000010006302900002;CRE;00002;002;0000500415;0000504758;000000024998;                    ;006;544731;0000074095;000;0000500415;
10;58731662005938;23/12/2019;125;00000010006302900002;CRE;00002;002;0000500417;0000082148;000000007999;                    ;002;546479;0000096845;000;0000500417;
10;58731662005938;23/12/2019;125;00000010006302900002;CRE;00031;002;0000500416;0000928699;000000006999;                    ;002;650516;0000166302;000;0000500416;
10;58731662005938;23/12/2019;125;00000010006302900002;DEB;20001;001;0000500418;0000533959;000000008999;                    ;000;544731;0000166305;000;0000500418;
10;58731662005938;23/12/2019;125;00000010006302900002;DEB;20002;001;0000500419;0000371667;000000008999;                    ;000;485464;0000074097;000;0000500419;
10;58731662005938;23/12/2019;125;00000010006302900002;CRE;00002;002;0000500420;0000560788;000000010999;                    ;003;544731;0000166308;000;0000500420;
10;58731662005938;23/12/2019;125;00000010006302900002;CRE;00002;001;0000500421;0000052130;000000011997;                    ;000;549167;0000096857;000;0000500421;
10;58731662005938;23/12/2019;125;00000010006302900002;CRE;00002;002;0000500422;0000097218;000000039996;                    ;005;530994;0000074105;000;0000500422;
10;58731662005938;23/12/2019;125;00000010006302900002;DEB;20001;001;0000500423;0000464309;000000004999;                    ;000;603689;0000096860;000;0000500423;
10;58731662005938;23/12/2019;125;00000010006302900002;CRE;00031;001;0000500424;0000630953;000000005999;                    ;000;650485;0000074108;000;0000500424;
10;58731662005938;23/12/2019;125;00000010006302900002;CRE;00002;001;0000500425;0000000179;000000003398;                    ;000;525320;0000166318;000;0000500425;
10;58731662005938;23/12/2019;125;00000010006302900002;CRE;00002;002;0000500426;0000151454;000000009999;                    ;003;544731;0000096865;000;0000500426;
10;58731662005938;23/12/2019;125;00000010006302900002;CRE;00002;002;0000500427;0000022862;000000027997;                    ;005;539091;0000074111;000;0000500427;
10;58731662005938;23/12/2019;125;00000010006302900002;CRE;00002;001;0000500428;0000123438;000000009999;                    ;000;522688;0000166321;000;0000500428;
10;58731662005938;23/12/2019;125;00000010006302900002;DEB;20002;001;0000500429;0000773008;000000010497;                    ;000;498442;0000074114;000;0000500429;
10;58731662005938;23/12/2019;125;00000010006302900002;CRE;00002;002;0000500430;0000025476;000000017998;                    ;005;530994;0000096868;000;0000500430;
10;58731662005938;23/12/2019;125;00000010006302900002;DEB;20001;001;0000500431;0000393267;000000006999;                    ;000;589916;0000166325;000;0000500431;
10;58731662005938;23/12/2019;125;00000010006302900002;DEB;20001;001;0000500432;0000182361;000000005999;                    ;000;544731;0000074117;000;0000500432;
10;58731662005938;23/12/2019;125;00000010006302900002;DEB;20002;001;0000500433;0000184379;000000006999;                    ;000;410863;0000074117;000;0000500433;
10;58731662005938;23/12/2019;125;00000010006302900002;CRE;00002;002;0000500436;0000372258;000000046787;                    ;010;515601;0000096873;000;0000500436;
10;58731662005938;23/12/2019;125;00000010006302900002;DEB;20001;001;0000500435;0000046066;000000015000;                    ;000;512707;0000166331;000;0000500435;
10;58731662005938;23/12/2019;125;00000010006302900002;CRE;00002;001;0000500437;0000316266;000000004997;                    ;000;523421;0000166331;000;0000500437;
10;58731662005938;23/12/2019;125;00000010006302900002;CRE;00002;002;0000500438;0000R83713;000000019998;                    ;003;522590;0000096876;000;0000500438;
10;58731662005938;23/12/2019;125;00000010006302900002;CRE;00002;001;0000500439;0000R01492;000000027997;                    ;000;230650;0000166334;000;0000500439;
10;58731662005938;23/12/2019;125;00000010006302900002;DEB;20002;001;0000500440;0000173545;000000005999;                    ;000;485464;0000166337;000;0000500440;
10;58731662005938;23/12/2019;125;00000010006302900002;CRE;00002;002;0000500442;0000828441;000000015999;                    ;005;550209;0000096879;000;0000500442;
10;58731662005938;23/12/2019;125;00000010006302900002;CRE;00001;002;0000500441;0000015714;000000021997;                    ;007;464294;0000074124;000;0000500441;
10;58731662005938;23/12/2019;125;00000010006302900002;CRE;00002;002;0000500443;0000022894;000000014999;                    ;005;548474;0000166340;000;0000500443;
10;58731662005938;23/12/2019;125;00000010006302900002;CRE;00002;002;0000500444;0000020923;000000009999;                    ;003;520405;0000166343;000;0000500444;
10;58731662005938;23/12/2019;125;00000010006302900002;DEB;20002;001;0000500445;0000344233;000000084995;                    ;000;476608;0000074127;000;0000500445;
10;58731662005938;23/12/2019;125;00000010006302900002;CRE;00001;002;0000500446;0000601149;000000012999;                    ;002;453211;0000074130;000;0000500446;
10;58731662005938;23/12/2019;125;00000010006302900002;DEB;20001;001;0000500447;0000305165;000000000699;                    ;000;522840;0000166348;000;0000500447;
10;58731662005938;23/12/2019;125;00000010006302900002;CRE;00002;001;0000500448;0000001449;000000011999;                    ;000;516291;0000166350;000;0000500448;
10;58731662005938;23/12/2019;125;00000010006302900002;CRE;00001;002;0000500449;0000625716;000000006999;                    ;002;406655;0000166353;000;0000500449;
10;58731662005938;23/12/2019;125;00000010006302900002;DEB;20002;001;0000500450;0000274008;000000012997;                    ;000;498496;0000096882;000;0000500450;
10;58731662005938;23/12/2019;125;00000010006302900002;DEB;20001;001;0000500451;0000333972;000000004999;                    ;000;544731;0000074135;000;0000500451;
10;58731662005938;23/12/2019;125;00000010006302900002;CRE;00002;002;0000500452;0000029085;000000022998;                    ;007;520405;0000166356;000;0000500452;
10;58731662005938;23/12/2019;125;00000010006302900002;CRE;00002;002;0000500453;0000384968;000000029999;                    ;010;512707;0000074138;000;0000500453;
10;58731662005938;23/12/2019;125;00000010006302900002;CRE;00002;001;0000500454;0000381774;000000009999;                    ;000;544731;0000074141;000;0000500454;
10;58731662005938;23/12/2019;125;00000010006302900002;CRE;00001;002;0000500455;0000393561;000000005999;                    ;002;410863;0000074144;000;0000500455;
10;58731662005938;23/12/2019;125;00000010006302900002;DEB;20001;001;0000500456;0000416678;000000005999;                    ;000;589916;0000166365;000;0000500456;
10;58731662005938;23/12/2019;125;00000010006302900002;DEB;20002;001;0000500457;0000343719;000000020997;                    ;000;476608;0000166368;000;0000500457;
10;58731662005938;23/12/2019;125;00000010006302900002;DEB;20001;001;0000500458;0000095961;000000021998;                    ;000;515894;0000074149;000;0000500458;
10;58731662005938;23/12/2019;125;00000010006302900002;DEB;20001;001;0000500459;0000462169;000000004999;                    ;000;544731;0000166371;000;0000500459;
10;58731662005938;23/12/2019;125;00000010006302900002;DEB;20032;001;0000500460;0000344099;000000006999;                    ;000;650491;0000096885;000;0000500460;
10;58731662005938;23/12/2019;125;00000010006302900002;CRE;00001;002;0000500461;0000490061;000000006900;                    ;002;410863;0000074152;000;0000500461;
10;58731662005938;23/12/2019;125;00000010006302900002;DEB;20001;001;0000500462;0000494080;000000009999;                    ;000;544731;0000096888;000;0000500462;
10;58731662005938;23/12/2019;125;00000010006302900002;CRE;00031;002;0000500463;0000613728;000000015999;                    ;005;650485;0000096891;000;0000500463;
10;58731662005938;23/12/2019;125;00000010006302900002;CRE;00002;002;0000500464;0000583059;000000013196;                    ;004;544731;0000166377;000;0000500464;
10;58731662005938;23/12/2019;125;00000010006302900002;DEB;20032;001;0000500465;0000199221;000000008999;                    ;000;506722;0000074154;000;0000500465;
10;58731662005938;23/12/2019;125;00000010006302900002;CRE;00002;002;0000500466;0000485318;000000036998;                    ;002;522688;0000166379;000;0000500466;
10;58731662005938;23/12/2019;125;00000010006302900002;CRE;00002;002;0000500467;0000028813;000000008998;                    ;003;554927;0000074157;000;0000500467;
10;58731662005938;23/12/2019;125;00000010006302900002;DEB;20002;001;0000500468;0000344220;000000026998;                    ;000;410392;0000166382;000;0000500468;
10;58731662005938;23/12/2019;125;00000010006302900002;CRE;00002;002;0000500469;0000041464;000000007999;                    ;002;544731;0000166385;000;0000500469;
10;58731662005938;23/12/2019;125;00000010006302900002;DEB;20032;001;0000500470;0000344217;000000009997;                    ;000;650495;0000166387;000;0000500470;
10;58731662005938;23/12/2019;125;00000010006302900002;CRE;00002;002;0000500471;0000068435;000000005132;                    ;002;526769;0000074162;000;0000500471;
10;58731662005938;23/12/2019;125;00000010006302900002;DEB;20032;001;0000500472;0000338485;000000012998;                    ;000;506722;0000074164;000;0000500472;
10;58731662005938;23/12/2019;125;00000010006302900002;CRE;00001;001;0000500473;0000979934;000000007998;                    ;000;423073;0000074167;000;0000500473;
10;58731662005938;23/12/2019;125;00000010006302900002;DEB;20001;001;0000500474;0000083953;000000006999;                    ;000;502121;0000166392;000;0000500474;
10;58731662005938;23/12/2019;125;00000010006302900002;CRE;00002;002;0000500475;0000088260;000000055999;                    ;006;516292;0000074172;000;0000500475;
10;58731662005938;23/12/2019;125;00000010006302900002;CRE;00002;002;0000500476;0000075616;000000029999;                    ;006;530994;0000074175;000;0000500476;
10;58731662005938;23/12/2019;125;00000010006302900002;CRE;00002;002;0000500477;0000115580;000000051995;                    ;010;544731;0000096894;000;0000500477;
10;58731662005938;23/12/2019;125;00000010006302900002;CRE;00002;002;0000500478;0000141973;000000016998;                    ;005;552693;0000074178;000;0000500478;
10;58731662005938;23/12/2019;125;00000010006302900002;DEB;20032;001;0000500479;0000510787;000000010998;                    ;000;627780;0000074181;000;0000500479;
10;58731662005938;23/12/2019;125;00000010006302900002;CRE;00001;002;0000500480;0000173657;000000031798;                    ;003;422061;0000096897;000;0000500480;
10;58731662005938;23/12/2019;125;00000010006302900002;CRE;00002;001;0000500481;0000R98073;000000003499;                    ;000;522590;0000096900;000;0000500481;
10;58731662005938;23/12/2019;125;00000010006302900002;DEB;20032;001;0000500482;0000563596;000000003999;                    ;000;627780;0000074185;000;0000500482;
10;58731662005938;23/12/2019;125;00000010006302900002;CRE;00002;002;0000500483;0000553210;000000018198;                    ;002;536518;0000074192;000;0000500483;
10;58731662005938;23/12/2019;125;00000010006302900002;DEB;20001;001;0000500484;0000470977;000000024392;                    ;000;526863;0000096907;000;0000500484;
10;58731662005938;23/12/2019;125;00000010006302900002;DEB;20001;001;0000500485;0000470516;000000004098;                    ;000;523284;0000074195;000;0000500485;
10;58731662005938;23/12/2019;125;00000010006302900002;DEB;20002;001;0000500486;0000277974;000000009999;                    ;000;498442;0000096912;000;0000500486;
10;58731662005938;23/12/2019;125;00000010006302900002;CRE;00002;002;0000500487;0000078464;000000019999;                    ;004;523284;0000074201;000;0000500487;
10;58731662005938;23/12/2019;125;00000010006302900002;CRE;00001;002;0000500488;0000444772;000000013998;                    ;004;410863;0000074204;000;0000500488;
10;58731662005938;23/12/2019;125;00000010006302900002;CRE;00002;002;0000500489;0000094860;000000012998;                    ;002;530994;0000096916;000;0000500489;
10;58731662005938;23/12/2019;125;00000010006302900002;DEB;20002;001;0000500490;0000470361;000000001999;                    ;000;422061;0000096919;000;0000500490;
10;58731662005938;23/12/2019;125;00000010006302900002;DEB;20001;001;0000500491;0000524458;000000007999;                    ;000;542820;0000074207;000;0000500491;
10;58731662005938;23/12/2019;125;00000010006302900002;CRE;00001;002;0000500492;0000544828;000000022998;                    ;007;459384;0000096930;000;0000500492;
10;58731662005938;23/12/2019;125;00000010006302900002;DEB;20001;001;0000500493;0000010573;000000014098;                    ;000;544731;0000074213;000;0000500493;
10;58731662005938;23/12/2019;125;00000010006302900002;CRE;00002;002;0000500494;0000072460;000000044996;                    ;003;515590;0000096933;000;0000500494;
10;58731662005938;23/12/2019;;;;;;0000000000;;000000009999;                    ;000;000000;0000166311;000;0000000000;
10;58731662005938;23/12/2019;;;;;;0000000000;;000000016497;                    ;005;000000;0000096849;000;0000000000;
10;58731662005938;23/12/2019;;;;;;0000000000;;000000039997;                    ;010;000000;0000074099;000;0000000000;
10;58731662005938;23/12/2019;;;;;;0000000000;;000000011998;                    ;000;000000;0000096853;000;0000000000;
10;58731662005938;23/12/2019;;;;;;0000000000;;000000021998;                    ;000;000000;0000096855;000;0000000000;
99;FINAL DO ARQUIVO;
